1 940 910
2 920 953
3 556 937
4 33 705
5 761 584
6 647 893
7 891 961
8 163 548
9 531 929
10 737 719
11 806 504
12 710 33
13 48 418
14 720 67
15 519 204
16 264 547
17 561 2
18 750 606
19 161 991
20 175 57
21 537 300
22 872 892
23 28 764
24 833 158
25 675 806
26 778 436
27 377 744
28 416 531
29 883 514
30 440 931
31 188 361
32 502 489
33 133 23
34 937 886
35 594 83
36 155 926
37 747 409
38 118 996
39 922 777
40 812 782
41 181 773
42 944 457
43 217 530
44 656 314
45 511 275
46 36 39
47 690 224
48 949 877
49 239 56
50 949 938
51 782 425
52 946 844
53 234 468
54 213 324
55 166 362
56 848 721
57 821 131
58 401 254
59 385 498
60 578 266
61 22 217
62 889 482
63 317 963
64 140 771
65 142 581
66 760 13
67 778 530
68 722 543
69 440 256
70 517 904
71 874 633
72 35 423
73 482 741
74 837 233
75 886 978
76 379 129
77 167 381
78 348 516
79 33 641
80 525 832
81 716 563
82 712 458
83 721 53
84 829 927
85 728 37
86 35 497
87 433 833
88 286 842
89 631 443
90 824 527
91 242 381
92 933 105
93 873 254
94 523 384
95 427 220
96 935 930
97 756 112
98 935 77
99 902 193
100 106 448
